[5, 5, 13]
[6, 5, 7]
[6, 5, 7]
[6, 5, 5]
[7, 5, 7]
[7, 5, 7]
[7, 5, 6]
[7, 4, 11]
[7, 4, 11]
[7, 4, 3]
[6, 4, 13]
[6, 4, 13]
[6, 4, 5]
[5, 4, 13]
[5, 4, 13]
[5, 4, 12]
[5, 3, 11]
[5, 3, 11]
[5, 3, 3]
[4, 3, 13]
[4, 3, 13]
[4, 3, 5]
[3, 3, 13]
[3, 3, 13]
[3, 3, 12]
[3, 2, 11]
[3, 2, 11]
[3, 2, 10]
[3, 1, 11]
[3, 1, 11]
[3, 1, 3]
[2, 1, 13]
[2, 1, 13]
[2, 1, 5]
[1, 1, 13]
[1, 1, 13]
[1, 1, 5]
[0, 1, 13]
[0, 1, 13]
[0, 1, 9]
[0, 2, 14]
[0, 2, 14]
[0, 2, 12]
[1, 2, 7]
[1, 2, 7]
[1, 2, 3]
[1, 3, 14]
[1, 3, 14]
[1, 3, 12]
[2, 3, 7]
[2, 3, 7]
[2, 3, 6]
[2, 2, 11]
[2, 2, 11]
[2, 3, 2]
[2, 4, 14]
[2, 4, 14]
[2, 4, 12]
[3, 4, 7]
[3, 4, 7]
[3, 4, 5]
[4, 4, 7]
[4, 4, 7]
[4, 4, 3]
[4, 5, 14]
[4, 5, 14]
[4, 5, 10]
[4, 6, 14]
[4, 6, 14]
[4, 6, 6]
[3, 6, 13]
[3, 6, 13]
[3, 6, 5]
[2, 6, 13]
[2, 6, 13]
[2, 6, 12]
[2, 5, 11]
[2, 5, 11]
[2, 5, 3]
[1, 5, 13]
[1, 5, 13]
[1, 5, 5]
[0, 5, 13]
[0, 5, 13]
[0, 5, 12]
[0, 4, 11]
[0, 4, 11]
[0, 4, 9]
[1, 4, 7]
[1, 4, 7]
[0, 4, 8]
[0, 3, 11]
[0, 3, 11]
[0, 5, 8]
[0, 6, 14]
[0, 6, 14]
[0, 6, 10]
[0, 7, 14]
[0, 7, 14]
[0, 7, 12]
[1, 7, 7]
[1, 7, 7]
[1, 7, 6]
[1, 6, 11]
[1, 6, 11]
[1, 7, 2]
[1, 8, 14]
[1, 8, 14]
[1, 8, 10]
[1, 9, 14]
[1, 9, 14]
[1, 9, 10]
[1, 10, 14]
[1, 10, 14]
[1, 10, 10]
[1, 11, 14]
[1, 11, 14]
[1, 11, 12]
[2, 11, 7]
[2, 11, 7]
[2, 11, 6]
[2, 10, 11]
[2, 10, 11]
[2, 10, 9]
[3, 10, 7]
[3, 10, 7]
[3, 10, 6]
[3, 9, 11]
[3, 9, 11]
[3, 9, 3]
[2, 9, 13]
[2, 9, 13]
[2, 9, 12]
[2, 8, 11]
[2, 8, 11]
[2, 8, 9]
[3, 8, 7]
[3, 8, 7]
[3, 8, 5]
[4, 8, 7]
[4, 8, 7]
[4, 8, 3]
[4, 9, 14]
[4, 9, 14]
[4, 9, 10]
[4, 10, 14]
[4, 10, 14]
[4, 10, 10]
[4, 11, 14]
[4, 11, 14]
[4, 11, 10]
[4, 12, 14]
[4, 12, 14]
[4, 12, 6]
[3, 12, 13]
[3, 12, 13]
[3, 12, 5]
[2, 12, 13]
[2, 12, 13]
[2, 12, 5]
[1, 12, 13]
[1, 12, 13]
[1, 12, 9]
[1, 13, 14]
[1, 13, 14]
[1, 13, 12]
[2, 13, 7]
[2, 13, 7]
[2, 13, 5]
[3, 13, 7]
[3, 13, 7]
[3, 13, 3]
[3, 14, 14]
[3, 14, 14]
[3, 14, 12]
[4, 14, 7]
[4, 14, 7]
[4, 14, 6]
[4, 13, 11]
[4, 13, 11]
[4, 13, 9]
[5, 13, 7]
[5, 13, 7]
[5, 13, 6]
[5, 12, 11]
[5, 12, 11]
[5, 12, 10]
[5, 11, 11]
[5, 11, 11]
[5, 11, 10]
[5, 10, 11]
[5, 10, 11]
[5, 10, 9]
[6, 10, 7]
[6, 10, 7]
[6, 10, 5]
[7, 10, 7]
[7, 10, 7]
[7, 10, 3]
[7, 11, 14]
[7, 11, 14]
[7, 11, 10]
[7, 12, 14]
[7, 12, 14]
[7, 12, 6]
[6, 12, 13]
[6, 12, 13]
[6, 12, 9]
[6, 13, 14]
[6, 13, 14]
[6, 13, 12]
[7, 13, 7]
[7, 13, 7]
[7, 13, 3]
[7, 14, 14]
[7, 14, 14]
[7, 14, 6]
[6, 14, 13]
[6, 14, 13]
[6, 14, 9]
[6, 15, 14]
[6, 15, 14]
[6, 15, 10]
[6, 16, 14]
[6, 16, 14]
[6, 16, 6]
[5, 16, 13]
[5, 16, 13]
[5, 16, 12]
[5, 15, 11]
[5, 15, 11]
[5, 15, 10]
[5, 14, 11]
[5, 14, 11]
[5, 15, 2]
[4, 15, 13]
[4, 15, 13]
[4, 15, 5]
[3, 15, 13]
[3, 15, 13]
[3, 15, 5]
[2, 15, 13]
[2, 15, 13]
[2, 15, 5]
[1, 15, 13]
[1, 15, 13]
[1, 15, 9]
[1, 16, 14]
[1, 16, 14]
[1, 16, 10]
[1, 17, 14]
[1, 17, 14]
[1, 17, 10]
[1, 18, 14]
[1, 18, 14]
[1, 18, 12]
[2, 18, 7]
[2, 18, 7]
[2, 18, 3]
[2, 19, 14]
[2, 19, 14]
[2, 19, 6]
[1, 19, 13]
[1, 19, 13]
[1, 19, 5]
[0, 19, 13]
[0, 19, 13]
[0, 19, 12]
[0, 18, 11]
[0, 18, 11]
[0, 18, 10]
[0, 17, 11]
[0, 17, 11]
[0, 17, 10]
[0, 16, 11]
[0, 16, 11]
[0, 16, 10]
[0, 15, 11]
[0, 15, 11]
[0, 15, 10]
[0, 14, 11]
[0, 14, 11]
[0, 14, 9]
[1, 14, 7]
[1, 14, 7]
[1, 14, 5]
[2, 14, 7]
[2, 14, 7]
[0, 14, 8]
[0, 13, 11]
[0, 13, 11]
[0, 13, 10]
[0, 12, 11]
[0, 12, 11]
[0, 12, 10]
[0, 11, 11]
[0, 11, 11]
[0, 11, 10]
[0, 10, 11]
[0, 10, 11]
[0, 10, 10]
[0, 9, 11]
[0, 9, 11]
[0, 9, 10]
[0, 8, 11]
[0, 8, 11]
[2, 19, 4]
[3, 19, 7]
[3, 19, 7]
[3, 19, 5]
[4, 19, 7]
[4, 19, 7]
[4, 19, 5]
[5, 19, 7]
[5, 19, 7]
[5, 19, 5]
[6, 19, 7]
[6, 19, 7]
[6, 19, 6]
[6, 18, 11]
[6, 18, 11]
[6, 18, 9]
[7, 18, 7]
[7, 18, 7]
[7, 18, 5]
[8, 18, 7]
[8, 18, 7]
[8, 18, 5]
[9, 18, 7]
[9, 18, 7]
[9, 18, 3]
[9, 19, 14]
[9, 19, 14]
[9, 19, 12]
[10, 19, 7]
[10, 19, 7]
[10, 19, 6]
[10, 18, 11]
[10, 18, 11]
[10, 18, 9]
[11, 18, 7]
[11, 18, 7]
[11, 18, 6]
[11, 17, 11]
[11, 17, 11]
[11, 17, 10]
[11, 16, 11]
[11, 16, 11]
[11, 16, 3]
[10, 16, 13]
[10, 16, 13]
[10, 16, 5]
[9, 16, 13]
[9, 16, 13]
[9, 16, 9]
[9, 17, 14]
[9, 17, 14]
[9, 17, 12]
[10, 17, 7]
[10, 17, 7]
[9, 17, 4]
[8, 17, 13]
[8, 17, 13]
[8, 17, 12]
[8, 16, 11]
[8, 16, 11]
[8, 16, 3]
[7, 16, 13]
[7, 16, 13]
[7, 16, 9]
[7, 17, 14]
[7, 17, 14]
[7, 17, 6]
[6, 17, 13]
[6, 17, 13]
[6, 17, 5]
[5, 17, 13]
[5, 17, 13]
[5, 17, 9]
[5, 18, 14]
[5, 18, 14]
[5, 18, 6]
[4, 18, 13]
[4, 18, 13]
[4, 18, 12]
[4, 17, 11]
[4, 17, 11]
[4, 17, 3]
[3, 17, 13]
[3, 17, 13]
[3, 17, 12]
[3, 16, 11]
[3, 16, 11]
[3, 16, 3]
[2, 16, 13]
[2, 16, 13]
[2, 16, 9]
[2, 17, 14]
[2, 17, 14]
[3, 16, 1]
[4, 16, 7]
[4, 16, 7]
[3, 17, 8]
[3, 18, 14]
[3, 18, 14]
[7, 16, 8]
[7, 15, 11]
[7, 15, 11]
[7, 15, 9]
[8, 15, 7]
[8, 15, 7]
[8, 15, 5]
[9, 15, 7]
[9, 15, 7]
[9, 15, 5]
[10, 15, 7]
[10, 15, 7]
[10, 15, 5]
[11, 15, 7]
[11, 15, 7]
[11, 15, 5]
[12, 15, 7]
[12, 15, 7]
[12, 15, 6]
[12, 14, 11]
[12, 14, 11]
[12, 14, 3]
[11, 14, 13]
[11, 14, 13]
[11, 14, 5]
[10, 14, 13]
[10, 14, 13]
[10, 14, 12]
[10, 13, 11]
[10, 13, 11]
[10, 13, 9]
[11, 13, 7]
[11, 13, 7]
[11, 13, 5]
[12, 13, 7]
[12, 13, 7]
[12, 13, 6]
[12, 12, 11]
[12, 12, 11]
[12, 12, 9]
[13, 12, 7]
[13, 12, 7]
[13, 12, 6]
[13, 11, 11]
[13, 11, 11]
[13, 11, 10]
[13, 10, 11]
[13, 10, 11]
[13, 10, 10]
[13, 9, 11]
[13, 9, 11]
[13, 9, 9]
[14, 9, 7]
[14, 9, 7]
[14, 9, 3]
[14, 10, 14]
[14, 10, 14]
[14, 10, 10]
[14, 11, 14]
[14, 11, 14]
[14, 11, 10]
[14, 12, 14]
[14, 12, 14]
[14, 12, 12]
[15, 12, 7]
[15, 12, 7]
[15, 12, 5]
[16, 12, 7]
[16, 12, 7]
[16, 12, 6]
[16, 11, 11]
[16, 11, 11]
[16, 11, 10]
[16, 10, 11]
[16, 10, 11]
[16, 10, 9]
[17, 10, 7]
[17, 10, 7]
[17, 10, 3]
[17, 11, 14]
[17, 11, 14]
[17, 11, 10]
[17, 12, 14]
[17, 12, 14]
[17, 12, 10]
[17, 13, 14]
[17, 13, 14]
[17, 13, 10]
[17, 14, 14]
[17, 14, 14]
[17, 14, 6]
[16, 14, 13]
[16, 14, 13]
[16, 14, 12]
[16, 13, 11]
[16, 13, 11]
[16, 13, 3]
[15, 13, 13]
[15, 13, 13]
[15, 13, 9]
[15, 14, 14]
[15, 14, 14]
[15, 14, 10]
[15, 15, 14]
[15, 15, 14]
[15, 15, 12]
[16, 15, 7]
[16, 15, 7]
[16, 15, 3]
[16, 16, 14]
[16, 16, 14]
[16, 16, 12]
[17, 16, 7]
[17, 16, 7]
[17, 16, 3]
[17, 17, 14]
[17, 17, 14]
[17, 17, 12]
[18, 17, 7]
[18, 17, 7]
[18, 17, 5]
[19, 17, 7]
[19, 17, 7]
[19, 17, 3]
[19, 18, 14]
[19, 18, 14]
[19, 18, 10]
[19, 19, 14]
[19, 19, 14]
[19, 19, 6]
[18, 19, 13]
[18, 19, 13]
[18, 19, 5]
[17, 19, 13]
[17, 19, 13]
[17, 19, 5]
[16, 19, 13]
[16, 19, 13]
[16, 19, 12]
[16, 18, 11]
[16, 18, 11]
[16, 18, 9]
[17, 18, 7]
[17, 18, 7]
[17, 18, 5]
[18, 18, 7]
[18, 18, 7]
[16, 18, 8]
[16, 17, 11]
[16, 17, 11]
[16, 17, 3]
[15, 17, 13]
[15, 17, 13]
[15, 17, 9]
[15, 18, 14]
[15, 18, 14]
[15, 18, 6]
[14, 18, 13]
[14, 18, 13]
[14, 18, 5]
[13, 18, 13]
[13, 18, 13]
[13, 18, 9]
[13, 19, 14]
[13, 19, 14]
[13, 19, 12]
[14, 19, 7]
[14, 19, 7]
[14, 19, 5]
[15, 19, 7]
[15, 19, 7]
[13, 19, 4]
[12, 19, 13]
[12, 19, 13]
[12, 19, 5]
[11, 19, 13]
[11, 19, 13]
[12, 19, 4]
[12, 18, 11]
[12, 18, 11]
[12, 18, 10]
[12, 17, 11]
[12, 17, 11]
[12, 17, 9]
[13, 17, 7]
[13, 17, 7]
[13, 17, 6]
[13, 16, 11]
[13, 16, 11]
[13, 16, 9]
[14, 16, 7]
[14, 16, 7]
[14, 16, 3]
[14, 17, 14]
[14, 17, 14]
[14, 16, 2]
[14, 15, 11]
[14, 15, 11]
[14, 15, 3]
[13, 15, 13]
[13, 15, 13]
[13, 15, 12]
[13, 14, 11]
[13, 14, 11]
[13, 14, 9]
[14, 14, 7]
[14, 14, 7]
[14, 14, 6]
[14, 13, 11]
[14, 13, 11]
[14, 13, 3]
[13, 13, 13]
[13, 13, 13]
[14, 16, 0]
[15, 16, 7]
[15, 16, 7]
[13, 16, 1]
[12, 16, 13]
[12, 16, 13]
[19, 17, 2]
[19, 16, 11]
[19, 16, 11]
[19, 16, 10]
[19, 15, 11]
[19, 15, 11]
[19, 15, 3]
[18, 15, 13]
[18, 15, 13]
[18, 15, 12]
[18, 14, 11]
[18, 14, 11]
[18, 14, 9]
[19, 14, 7]
[19, 14, 7]
[19, 14, 6]
[19, 13, 11]
[19, 13, 11]
[19, 13, 10]
[19, 12, 11]
[19, 12, 11]
[19, 12, 3]
[18, 12, 13]
[18, 12, 13]
[18, 12, 12]
[18, 11, 11]
[18, 11, 11]
[18, 11, 9]
[19, 11, 7]
[19, 11, 7]
[19, 11, 6]
[19, 10, 11]
[19, 10, 11]
[19, 10, 3]
[18, 10, 13]
[18, 10, 13]
[18, 10, 12]
[18, 9, 11]
[18, 9, 11]
[18, 9, 9]
[19, 9, 7]
[19, 9, 7]
[19, 9, 6]
[19, 8, 11]
[19, 8, 11]
[19, 8, 3]
[18, 8, 13]
[18, 8, 13]
[18, 8, 12]
[18, 7, 11]
[18, 7, 11]
[18, 7, 3]
[17, 7, 13]
[17, 7, 13]
[17, 7, 12]
[17, 6, 11]
[17, 6, 11]
[17, 6, 9]
[18, 6, 7]
[18, 6, 7]
[18, 6, 6]
[18, 5, 11]
[18, 5, 11]
[18, 5, 3]
[17, 5, 13]
[17, 5, 13]
[17, 5, 12]
[17, 4, 11]
[17, 4, 11]
[17, 4, 3]
[16, 4, 13]
[16, 4, 13]
[16, 4, 9]
[16, 5, 14]
[16, 5, 14]
[16, 5, 10]
[16, 6, 14]
[16, 6, 14]
[16, 6, 10]
[16, 7, 14]
[16, 7, 14]
[16, 7, 6]
[15, 7, 13]
[15, 7, 13]
[15, 7, 9]
[15, 8, 14]
[15, 8, 14]
[15, 8, 12]
[16, 8, 7]
[16, 8, 7]
[16, 8, 3]
[16, 9, 14]
[16, 9, 14]
[16, 9, 6]
[15, 9, 13]
[15, 9, 13]
[15, 9, 9]
[15, 10, 14]
[15, 10, 14]
[15, 10, 10]
[15, 11, 14]
[15, 11, 14]
[16, 9, 4]
[17, 9, 7]
[17, 9, 7]
[17, 9, 6]
[17, 8, 11]
[17, 8, 11]
[15, 8, 4]
[14, 8, 13]
[14, 8, 13]
[14, 8, 12]
[14, 7, 11]
[14, 7, 11]
[14, 7, 10]
[14, 6, 11]
[14, 6, 11]
[14, 6, 3]
[13, 6, 13]
[13, 6, 13]
[13, 6, 12]
[13, 5, 11]
[13, 5, 11]
[13, 5, 3]
[12, 5, 13]
[12, 5, 13]
[12, 5, 12]
[12, 4, 11]
[12, 4, 11]
[12, 4, 9]
[13, 4, 7]
[13, 4, 7]
[13, 4, 6]
[13, 3, 11]
[13, 3, 11]
[13, 3, 9]
[14, 3, 7]
[14, 3, 7]
[14, 3, 3]
[14, 4, 14]
[14, 4, 14]
[14, 4, 12]
[15, 4, 7]
[15, 4, 7]
[15, 4, 6]
[15, 3, 11]
[15, 3, 11]
[15, 3, 10]
[15, 2, 11]
[15, 2, 11]
[15, 2, 9]
[16, 2, 7]
[16, 2, 7]
[16, 2, 3]
[16, 3, 14]
[16, 3, 14]
[16, 3, 12]
[17, 3, 7]
[17, 3, 7]
[17, 3, 5]
[18, 3, 7]
[18, 3, 7]
[18, 3, 6]
[18, 2, 11]
[18, 2, 11]
[18, 2, 10]
[18, 1, 11]
[18, 1, 11]
[18, 1, 3]
[17, 1, 13]
[17, 1, 13]
[17, 1, 9]
[17, 2, 14]
[17, 2, 14]
[17, 1, 8]
[17, 0, 11]
[17, 0, 11]
[17, 0, 3]
[16, 0, 13]
[16, 0, 13]
[16, 0, 9]
[16, 1, 14]
[16, 1, 14]
[16, 1, 6]
[15, 1, 13]
[15, 1, 13]
[15, 1, 12]
[15, 0, 11]
[15, 0, 11]
[15, 0, 3]
[14, 0, 13]
[14, 0, 13]
[14, 0, 5]
[13, 0, 13]
[13, 0, 13]
[13, 0, 9]
[13, 1, 14]
[13, 1, 14]
[13, 1, 6]
[12, 1, 13]
[12, 1, 13]
[12, 1, 12]
[12, 0, 11]
[12, 0, 11]
[12, 0, 3]
[11, 0, 13]
[11, 0, 13]
[11, 0, 5]
[10, 0, 13]
[10, 0, 13]
[10, 0, 5]
[9, 0, 13]
[9, 0, 13]
[9, 0, 5]
[8, 0, 13]
[8, 0, 13]
[8, 0, 5]
[7, 0, 13]
[7, 0, 13]
[7, 0, 5]
[6, 0, 13]
[6, 0, 13]
[6, 0, 9]
[6, 1, 14]
[6, 1, 14]
[6, 1, 10]
[6, 2, 14]
[6, 2, 14]
[6, 2, 6]
[5, 2, 13]
[5, 2, 13]
[5, 2, 5]
[4, 2, 13]
[4, 2, 13]
[4, 2, 12]
[4, 1, 11]
[4, 1, 11]
[4, 1, 10]
[4, 0, 11]
[4, 0, 11]
[4, 0, 3]
[3, 0, 13]
[3, 0, 13]
[3, 0, 5]
[2, 0, 13]
[2, 0, 13]
[2, 0, 5]
[1, 0, 13]
[1, 0, 13]
[1, 0, 5]
[0, 0, 13]
[0, 0, 13]
[4, 0, 1]
[5, 0, 7]
[5, 0, 7]
[5, 0, 3]
[5, 1, 14]
[5, 1, 14]
[6, 2, 4]
[7, 2, 7]
[7, 2, 7]
[7, 2, 6]
[7, 1, 11]
[7, 1, 11]
[7, 1, 9]
[8, 1, 7]
[8, 1, 7]
[8, 1, 3]
[8, 2, 14]
[8, 2, 14]
[8, 2, 10]
[8, 3, 14]
[8, 3, 14]
[8, 3, 10]
[8, 4, 14]
[8, 4, 14]
[8, 4, 12]
[9, 4, 7]
[9, 4, 7]
[9, 4, 6]
[9, 3, 11]
[9, 3, 11]
[9, 3, 10]
[9, 2, 11]
[9, 2, 11]
[9, 2, 9]
[10, 2, 7]
[10, 2, 7]
[10, 2, 6]
[10, 1, 11]
[10, 1, 11]
[10, 1, 3]
[9, 1, 13]
[9, 1, 13]
[10, 1, 1]
[11, 1, 7]
[11, 1, 7]
[11, 1, 3]
[11, 2, 14]
[11, 2, 14]
[11, 2, 12]
[12, 2, 7]
[12, 2, 7]
[12, 2, 5]
[13, 2, 7]
[13, 2, 7]
[13, 2, 5]
[14, 2, 7]
[14, 2, 7]
[14, 2, 6]
[14, 1, 11]
[14, 1, 11]
[12, 2, 1]
[12, 3, 14]
[12, 3, 14]
[12, 3, 6]
[11, 3, 13]
[11, 3, 13]
[11, 3, 5]
[10, 3, 13]
[10, 3, 13]
[10, 3, 9]
[10, 4, 14]
[10, 4, 14]
[10, 4, 10]
[10, 5, 14]
[10, 5, 14]
[10, 5, 12]
[11, 5, 7]
[11, 5, 7]
[11, 5, 6]
[11, 4, 11]
[11, 4, 11]
[11, 5, 2]
[11, 6, 14]
[11, 6, 14]
[11, 6, 12]
[12, 6, 7]
[12, 6, 7]
[11, 6, 4]
[10, 6, 13]
[10, 6, 13]
[10, 6, 5]
[9, 6, 13]
[9, 6, 13]
[9, 6, 9]
[9, 7, 14]
[9, 7, 14]
[9, 7, 10]
[9, 8, 14]
[9, 8, 14]
[9, 8, 10]
[9, 9, 14]
[9, 9, 14]
[9, 9, 10]
[9, 10, 14]
[9, 10, 14]
[9, 10, 10]
[9, 11, 14]
[9, 11, 14]
[9, 11, 10]
[9, 12, 14]
[9, 12, 14]
[9, 12, 12]
[10, 12, 7]
[10, 12, 7]
[10, 12, 5]
[11, 12, 7]
[11, 12, 7]
[9, 12, 8]
[9, 13, 14]
[9, 13, 14]
[9, 13, 6]
[8, 13, 13]
[8, 13, 13]
[8, 13, 9]
[8, 14, 14]
[8, 14, 14]
[8, 14, 12]
[9, 14, 7]
[9, 14, 7]
[8, 13, 8]
[8, 12, 11]
[8, 12, 11]
[9, 8, 8]
[10, 8, 7]
[10, 8, 7]
[10, 8, 5]
[11, 8, 7]
[11, 8, 7]
[9, 6, 1]
[8, 6, 13]
[8, 6, 13]
[8, 6, 5]
[7, 6, 13]
[7, 6, 13]
[7, 6, 5]
[6, 6, 13]
[6, 6, 13]
[6, 6, 5]
[5, 6, 13]
[5, 6, 13]
[5, 6, 9]
[5, 7, 14]
[5, 7, 14]
[5, 7, 10]
[5, 8, 14]
[5, 8, 14]
[5, 8, 10]
[5, 9, 14]
[5, 9, 14]
[5, 7, 2]
[4, 7, 13]
[4, 7, 13]
[4, 7, 5]
[3, 7, 13]
[3, 7, 13]
[3, 7, 5]
[2, 7, 13]
[2, 7, 13]
[7, 6, 1]
[7, 7, 14]
[7, 7, 14]
[7, 7, 10]
[7, 8, 14]
[7, 8, 14]
[8, 6, 4]
[8, 5, 11]
[8, 5, 11]
[8, 5, 9]
[9, 5, 7]
[9, 5, 7]
[8, 3, 2]
[7, 3, 13]
[7, 3, 13]
[7, 3, 5]
[6, 3, 13]
[6, 3, 13]
[17, 0, 1]
[18, 0, 7]
[18, 0, 7]
[18, 0, 5]
[19, 0, 7]
[19, 0, 7]
[19, 0, 3]
[19, 1, 14]
[19, 1, 14]
[19, 1, 10]
[19, 2, 14]
[19, 2, 14]
[19, 2, 10]
[19, 3, 14]
[19, 3, 14]
[19, 3, 10]
[19, 4, 14]
[19, 4, 14]
[19, 4, 10]
[19, 5, 14]
[19, 5, 14]
[19, 5, 10]
[19, 6, 14]
[19, 6, 14]
[19, 6, 10]
[19, 7, 14]
[19, 7, 14]
[19, 4, 2]
[18, 4, 13]
[18, 4, 13]
[15, 4, 2]
[15, 5, 14]
[15, 5, 14]
[15, 5, 10]
[15, 6, 14]
[15, 6, 14]
[15, 5, 2]
[14, 5, 13]
[14, 5, 13]
[13, 6, 8]
[13, 7, 14]
[13, 7, 14]
[13, 7, 10]
[13, 8, 14]
[13, 8, 14]
[18, 12, 8]
[18, 13, 14]
[18, 13, 14]
[18, 15, 8]
[18, 16, 14]
[18, 16, 14]
[18, 15, 0]
[17, 15, 13]
[17, 15, 13]
[13, 10, 2]
[12, 10, 13]
[12, 10, 13]
[12, 10, 5]
[11, 10, 13]
[11, 10, 13]
[9, 19, 4]
[8, 19, 13]
[8, 19, 13]
[8, 19, 5]
[7, 19, 13]
[7, 19, 13]
[6, 12, 8]
[6, 11, 11]
[6, 11, 11]
[3, 12, 4]
[3, 11, 11]
[3, 11, 11]
[2, 5, 1]
[3, 5, 7]
[3, 5, 7]
[5, 5, 13]
[6, 5, 5]
[7, 5, 6]
[7, 4, 3]
[6, 4, 5]
[5, 4, 12]
[5, 3, 3]
[4, 3, 5]
[3, 3, 12]
[3, 2, 10]
[3, 1, 3]
[2, 1, 5]
[1, 1, 5]
[0, 1, 9]
[0, 2, 12]
[1, 2, 3]
[1, 3, 12]
[2, 3, 2]
[2, 3, 2]
[2, 4, 12]
[3, 4, 5]
[4, 4, 3]
[4, 5, 10]
[4, 6, 6]
[3, 6, 5]
[2, 6, 12]
[2, 5, 1]
[2, 5, 1]
[1, 5, 5]
[0, 5, 8]
[0, 5, 8]
[0, 4, 8]
[0, 4, 8]
[0, 6, 10]
[0, 7, 12]
[1, 7, 2]
[1, 7, 2]
[1, 8, 10]
[1, 9, 10]
[1, 10, 10]
[1, 11, 12]
[2, 11, 6]
[2, 10, 9]
[3, 10, 6]
[3, 9, 3]
[2, 9, 12]
[2, 8, 9]
[3, 8, 5]
[4, 8, 3]
[4, 9, 10]
[4, 10, 10]
[4, 11, 10]
[4, 12, 6]
[3, 12, 4]
[3, 12, 4]
[2, 12, 5]
[1, 12, 9]
[1, 13, 12]
[2, 13, 5]
[3, 13, 3]
[3, 14, 12]
[4, 14, 6]
[4, 13, 9]
[5, 13, 6]
[5, 12, 10]
[5, 11, 10]
[5, 10, 9]
[6, 10, 5]
[7, 10, 3]
[7, 11, 10]
[7, 12, 6]
[6, 12, 8]
[6, 12, 8]
[6, 13, 12]
[7, 13, 3]
[7, 14, 6]
[6, 14, 9]
[6, 15, 10]
[6, 16, 6]
[5, 16, 12]
[5, 15, 2]
[5, 15, 2]
[4, 15, 5]
[3, 15, 5]
[2, 15, 5]
[1, 15, 9]
[1, 16, 10]
[1, 17, 10]
[1, 18, 12]
[2, 18, 3]
[2, 19, 4]
[2, 19, 4]
[3, 19, 5]
[1, 19, 5]
[4, 19, 5]
[0, 19, 12]
[5, 19, 5]
[0, 18, 10]
[6, 19, 6]
[0, 17, 10]
[6, 18, 9]
[0, 16, 10]
[7, 18, 5]
[0, 15, 10]
[8, 18, 5]
[0, 14, 8]
[0, 14, 8]
[9, 18, 3]
[0, 13, 10]
[1, 14, 5]
[9, 19, 4]
[9, 19, 4]
[0, 12, 10]
[10, 19, 6]
[8, 19, 5]
[0, 11, 10]
[10, 18, 9]
[0, 10, 10]
[11, 18, 6]
[0, 9, 10]
[11, 17, 10]
[11, 16, 3]
[10, 16, 5]
[9, 16, 9]
[9, 17, 4]
[9, 17, 4]
[8, 17, 12]
[8, 16, 3]
[7, 16, 8]
[7, 16, 8]
[7, 15, 9]
[7, 17, 6]
[8, 15, 5]
[6, 17, 5]
[9, 15, 5]
[5, 17, 9]
[10, 15, 5]
[5, 18, 6]
[11, 15, 5]
[4, 18, 12]
[12, 15, 6]
[4, 17, 3]
[12, 14, 3]
[3, 17, 8]
[3, 17, 8]
[11, 14, 5]
[3, 16, 1]
[3, 16, 1]
[10, 14, 12]
[2, 16, 9]
[10, 13, 9]
[11, 13, 5]
[12, 13, 6]
[12, 12, 9]
[13, 12, 6]
[13, 11, 10]
[13, 10, 2]
[13, 10, 2]
[13, 9, 9]
[12, 10, 5]
[14, 9, 3]
[14, 10, 10]
[14, 11, 10]
[14, 12, 12]
[15, 12, 5]
[16, 12, 6]
[16, 11, 10]
[16, 10, 9]
[17, 10, 3]
[17, 11, 10]
[17, 12, 10]
[17, 13, 10]
[17, 14, 6]
[16, 14, 12]
[16, 13, 3]
[15, 13, 9]
[15, 14, 10]
[6, 5, 5]
[7, 5, 6]
[7, 4, 3]
[6, 4, 5]
[5, 4, 12]
[5, 3, 3]
[4, 3, 5]
[3, 3, 12]
[3, 2, 10]
[3, 1, 3]
[2, 1, 5]
[1, 1, 5]
[0, 1, 9]
[0, 2, 12]
[1, 2, 3]
[1, 3, 12]
[2, 3, 2]
[2, 4, 12]
[3, 4, 5]
[4, 4, 3]
[4, 5, 10]
[4, 6, 6]
[3, 6, 5]
[2, 6, 12]
[2, 5, 1]
[1, 5, 5]
[0, 5, 8]
[0, 6, 10]
[0, 7, 12]
[1, 7, 2]
[1, 8, 10]
[1, 9, 10]
[1, 10, 10]
[1, 11, 12]
[2, 11, 6]
[2, 10, 9]
[3, 10, 6]
[3, 9, 3]
[2, 9, 12]
[2, 8, 9]
[3, 8, 5]
[4, 8, 3]
[4, 9, 10]
[4, 10, 10]
[4, 11, 10]
[4, 12, 6]
[3, 12, 4]
[2, 12, 5]
[1, 12, 9]
[1, 13, 12]
[2, 13, 5]
[3, 13, 3]
[3, 14, 12]
[4, 14, 6]
[4, 13, 9]
[5, 13, 6]
[5, 12, 10]
[5, 11, 10]
[5, 10, 9]
[6, 10, 5]
[7, 10, 3]
[7, 11, 10]
[7, 12, 6]
[6, 12, 8]
[6, 13, 12]
[7, 13, 3]
[7, 14, 6]
[6, 14, 9]
[6, 15, 10]
[6, 16, 6]
[5, 16, 12]
[5, 15, 2]
[4, 15, 5]
[3, 15, 5]
[2, 15, 5]
[1, 15, 9]
[1, 16, 10]
[1, 17, 10]
[1, 18, 12]
[2, 18, 3]
[2, 19, 4]
[3, 19, 5]
[4, 19, 5]
[5, 19, 5]
[6, 19, 6]
[6, 18, 9]
[7, 18, 5]
[8, 18, 5]
[9, 18, 3]
[9, 19, 4]
[10, 19, 6]
[10, 18, 9]
[11, 18, 6]
[11, 17, 10]
[11, 16, 3]
[10, 16, 5]
[9, 16, 9]
[9, 17, 4]
[8, 17, 12]
[8, 16, 3]
[7, 16, 8]
[7, 15, 9]
[8, 15, 5]
[9, 15, 5]
[10, 15, 5]
[11, 15, 5]
[12, 15, 6]
[12, 14, 3]
[11, 14, 5]
[10, 14, 12]
[10, 13, 9]
[11, 13, 5]
[12, 13, 6]
[12, 12, 9]
[13, 12, 6]
[13, 11, 10]
[13, 10, 2]
[13, 9, 9]
[14, 9, 3]
[14, 10, 10]
[14, 11, 10]
[14, 12, 12]
[15, 12, 5]
[16, 12, 6]
[16, 11, 10]
[16, 10, 9]
[17, 10, 3]
[17, 11, 10]
[17, 12, 10]
[17, 13, 10]
[17, 14, 6]
[16, 14, 12]
[16, 13, 3]
[15, 13, 9]
[15, 14, 10]
[15, 15, 12]
